183810.999998
80012.160154
86873.8575175
72745.8322854
75797.2689785
69517.1537
71873.6652752
68400.1608
70038.424682
68007.4902792
69122.7318128
67830.8608759
68640.1974362
67760.8021684
68338.4092344
67751.9522877
68150.148869
67751.2529182
68036.2805226
67756.9846841
67960.3544829
67767.2140786
67909.8728767
67775.7548668
67877.2373314
67782.6724905
67855.125544
67788.7127819
67839.9928497
67793.3846574
67829.850919
67796.8717734
67822.9143175
67799.5822278
67818.0969292
67801.6111188
67814.799101
67803.096508
67812.5136682
67804.2043838
67810.918701
67805.0182906
67809.8087648
67805.6116067
67809.0336379
67806.0447653
67808.488741
67806.3605279
67808.1067703
67806.5895894
67807.838022
67806.7560361
67807.6486677
67806.8764665
67807.515057
67806.9637082
67807.4205474
